35 35 493
1 1 2.32921202109
1 2 -0.507337521001
1 3 -0.377513108418
1 4 -0.358902330059
1 5 -0.255100935031
1 6 -0.0998751630233
1 7 -0.134959279497
1 9 -0.0584147420345
1 10 -0.107504370516
1 11 -0.0195397383514
1 13 0.0514088180537
1 14 0.0673139719905
1 15 0.138699367954
1 16 0.0878440931149
1 17 -0.250938713682
1 18 -0.0476740910657
1 20 -0.00766288496231
1 21 0.00310986189995
2 1 -0.507337521001
2 2 2.07946541181
2 3 -0.242147768603
2 4 -0.425692366609
2 5 -0.0874427686768
2 6 -0.0786567813587
2 7 -0.0359217805394
2 8 -0.029440549952
2 9 -0.0248856870385
2 11 -0.119107822217
2 12 -0.0944641971003
2 13 0.05573205882
2 14 0.192731262102
2 15 0.0112182312567
2 17 -0.151143851472
2 21 0.0245403710762
3 1 -0.377513108418
3 2 -0.242147768603
3 3 1.99587004185
3 4 -0.330522644384
3 5 -0.129094865319
3 6 -0.0877231814943
3 7 -0.126321038748
3 8 -0.0567289922482
3 9 -0.0438145446784
3 10 -0.0211488596239
3 11 -0.0876201550487
3 12 -0.147015968875
3 13 0.0826083355372
3 14 0.0721093679355
3 15 0.100361971813
3 16 0.0756822013876
3 17 -0.116288079535
3 21 0.00665910289084
4 1 -0.358902330059
4 2 -0.425692366609
4 3 -0.330522644384
4 4 1.96428839842
4 5 -0.172421561927
4 6 -0.0602127101975
4 7 -0.105851118302
4 11 -0.0979500238692
4 12 -0.0782319391309
4 13 0.0775010200194
4 14 0.0895186208437
4 15 0.115107014434
4 16 0.0470085279222
4 17 -0.103973840108
4 18 -0.0344636940309
4 21 0.0203996777622
5 1 -0.255100935031
5 2 -0.0874427686768
5 3 -0.129094865319
5 4 -0.172421561927
5 5 1.67901527522
5 6 -0.284695538447
5 7 -0.0990799586693
5 8 -0.110740000177
5 9 -0.176710185199
5 10 -0.0802733825569
5 11 -0.0742013863485
5 12 -0.0975208934661
5 13 -0.169256670476
5 15 -0.145862185196
5 16 -0.136120663445
5 17 -0.0339552132868
5 18 -0.109167566643
5 22 -0.0201454275973
5 23 -0.00990550234614
5 25 0.0140213058562
5 26 0.0117310149122
6 1 -0.0998751630233
6 2 -0.0786567813587
6 3 -0.0877231814943
6 4 -0.0602127101975
6 5 -0.284695538447
6 6 1.55291441756
6 7 -0.185904771572
6 8 -0.176330345075
6 9 -0.0706590675358
6 10 -0.100663436956
6 11 -0.162664068227
6 12 -0.0794235856005
6 13 -0.0873632563312
6 14 -0.0477772817801
6 15 -0.171684030987
6 16 -0.061526587494
6 18 -0.0718030736934
6 23 -0.0406332252998
6 24 0.00210742008281
6 25 0.00722784950838
7 1 -0.134959279497
7 2 -0.0359217805394
7 3 -0.126321038748
7 4 -0.105851118302
7 5 -0.0990799586693
7 6 -0.185904771572
7 7 1.50358050199
7 8 0.0103581682908
7 9 -0.108217821702
7 10 -0.18221138165
7 11 -0.172634133019
7 12 -0.0744293384216
7 13 -0.134408615112
7 14 -0.103397280281
7 15 -0.124892652731
7 16 -0.061215469746
7 17 -0.0662301539885
7 18 -0.13456972225
7 19 -0.00556978330234
7 22 -0.000410412824778
7 23 -0.0332168807325
7 26 0.0222248419996
8 2 -0.029440549952
8 3 -0.0567289922482
8 5 -0.110740000177
8 6 -0.176330345075
8 7 0.0103581682908
8 8 1.69072322976
8 9 -0.290738646188
8 10 -0.260259714902
8 11 -0.142685243065
8 12 -0.0708056074367
8 13 -0.175999281923
8 14 -0.114735408202
8 15 -0.150313885878
8 16 -0.0905099616379
8 17 -0.0604904976019
8 18 -0.100478179496
8 19 -0.127612847584
8 20 -0.025898707077
8 21 -0.0492645266237
8 23 -0.0336368756417
8 24 0.00101996980594
8 25 0.00472656677569
8 26 0.0161031476405
9 1 -0.0584147420345
9 2 -0.0248856870385
9 3 -0.0438145446784
9 5 -0.176710185199
9 6 -0.0706590675358
9 7 -0.108217821702
9 8 -0.290738646188
9 9 1.95195283032
9 10 -0.324969888574
9 11 -0.159959599042
9 12 -0.262145378498
9 16 -0.0355076572766
9 19 -0.0476277819934
10 1 -0.107504370516
10 3 -0.0211488596239
10 5 -0.0802733825569
10 6 -0.100663436956
10 7 -0.18221138165
10 8 -0.260259714902
10 9 -0.324969888574
10 10 1.83500509636
10 11 -0.213340433106
10 12 -0.258290641048
10 13 -0.0307089171817
10 14 -0.0688799134753
10 16 -0.019750757328
10 19 -0.0732772348793
10 20 -0.0324879495332
11 1 -0.0195397383514
11 2 -0.119107822217
11 3 -0.0876201550487
11 4 -0.0979500238692
11 5 -0.0742013863485
11 6 -0.162664068227
11 7 -0.172634133019
11 8 -0.142685243065
11 9 -0.159959599042
11 10 -0.213340433106
11 11 1.73277113755
11 12 -0.264601277622
11 13 -0.0627340087088
11 16 -0.0530057647272
11 19 -0.156099014487
11 20 -0.023639639117
11 26 0.00440003892998
11 31 -0.0191682503544
12 2 -0.0944641971003
12 3 -0.147015968875
12 4 -0.0782319391309
12 5 -0.0975208934661
12 6 -0.0794235856005
12 7 -0.0744293384216
12 8 -0.0708056074367
12 9 -0.262145378498
12 10 -0.258290641048
12 11 -0.264601277622
12 12 1.90800325173
12 13 -0.0511049044315
12 15 -0.006931107909
12 16 -0.113306872312
12 19 -0.0864848077192
12 20 -0.0346696111705
12 26 0.0140666572596
13 1 0.0514088180537
13 2 0.05573205882
13 3 0.0826083355372
13 4 0.0775010200194
13 5 -0.169256670476
13 6 -0.0873632563312
13 7 -0.134408615112
13 8 -0.175999281923
13 10 -0.0307089171817
13 11 -0.0627340087088
13 12 -0.0511049044315
13 13 1.89772384421
13 14 -0.223375921133
13 15 -0.363228990832
13 16 -0.361216870051
13 17 0.112786102487
13 18 -0.00423284065027
13 23 -0.0256808678393
13 25 0.0213056276425
14 1 0.0673139719905
14 2 0.192731262102
14 3 0.0721093679355
14 4 0.0895186208437
14 6 -0.0477772817801
14 7 -0.103397280281
14 8 -0.114735408202
14 10 -0.0688799134753
14 13 -0.223375921133
14 14 1.81114241874
14 15 -0.455300205134
14 16 -0.377888458947
14 18 -0.115973050939
14 19 -0.0818219527315
15 1 0.138699367954
15 2 0.0112182312567
15 3 0.100361971813
15 4 0.115107014434
15 5 -0.145862185196
15 6 -0.171684030987
15 7 -0.124892652731
15 8 -0.150313885878
15 12 -0.006931107909
15 13 -0.363228990832
15 14 -0.455300205134
15 15 1.88258342338
15 16 -0.370766594714
15 17 0.0116968498822
15 18 -0.0460511010784
15 20 -0.016250960034
15 23 -0.0238582388867
15 24 0.0120133071249
15 25 0.0224639343917
15 27 0.038333910813
16 1 0.0878440931149
16 3 0.0756822013876
16 4 0.0470085279222
16 5 -0.136120663445
16 6 -0.061526587494
16 7 -0.061215469746
16 8 -0.0905099616379
16 9 -0.0355076572766
16 10 -0.019750757328
16 11 -0.0530057647272
16 12 -0.113306872312
16 13 -0.361216870051
16 14 -0.377888458947
16 15 -0.370766594714
16 16 1.94444777203
16 17 0.0531306290092
16 18 -0.0028589816865
16 23 -0.0634386641771
16 25 0.0126785550016
16 26 0.00576915400183
17 1 -0.250938713682
17 2 -0.151143851472
17 3 -0.116288079535
17 4 -0.103973840108
17 5 -0.0339552132868
17 7 -0.0662301539885
17 8 -0.0604904976019
17 13 0.112786102487
17 15 0.0116968498822
17 16 0.0531306290092
17 17 1.96379153787
17 18 -0.295801019354
17 19 -0.186558379849
17 20 -0.284247648521
17 21 -0.196519790972
17 22 -0.145555788592
17 26 -0.105968493673
17 28 -0.00140817068228
18 1 -0.0476740910657
18 4 -0.0344636940309
18 5 -0.109167566643
18 6 -0.0718030736934
18 7 -0.13456972225
18 8 -0.100478179496
18 13 -0.00423284065027
18 14 -0.115973050939
18 15 -0.0460511010784
18 16 -0.0028589816865
18 17 -0.295801019354
18 18 1.68586128936
18 19 -0.215843512993
18 20 -0.247085458048
18 21 -0.111188803432
18 22 -0.127244244998
18 23 -0.119081774639
18 24 0.0335245147625
18 26 -0.038639668334
18 27 0.0283339883689
19 7 -0.00556978330234
19 8 -0.127612847584
19 9 -0.0476277819934
19 10 -0.0732772348793
19 11 -0.156099014487
19 12 -0.0864848077192
19 14 -0.0818219527315
19 17 -0.186558379849
19 18 -0.215843512993
19 19 1.89086740485
19 20 -0.423700512153
19 21 -0.128276347805
19 22 -0.174402742289
19 26 -0.00718540779595
19 29 0.0381541486251
19 35 -0.00844790524586
20 1 -0.00766288496231
20 8 -0.025898707077
20 10 -0.0324879495332
20 11 -0.023639639117
20 12 -0.0346696111705
20 15 -0.016250960034
20 17 -0.284247648521
20 18 -0.247085458048
20 19 -0.423700512153
20 20 1.89304480567
20 21 -0.0749749029041
20 22 -0.283804409215
20 26 -0.0826334374874
20 29 0.0315159204909
21 1 0.00310986189995
21 2 0.0245403710762
21 3 0.00665910289084
21 4 0.0203996777622
21 8 -0.0492645266237
21 17 -0.196519790972
21 18 -0.111188803432
21 19 -0.128276347805
21 20 -0.0749749029041
21 21 2.08080725907
21 22 -0.691860898365
21 23 -0.106058277944
21 24 0.0109210573215
21 26 -0.124581958745
21 27 0.064427824733
22 5 -0.0201454275973
22 7 -0.000410412824778
22 17 -0.145555788592
22 18 -0.127244244998
22 19 -0.174402742289
22 20 -0.283804409215
22 21 -0.691860898365
22 22 2.12491364929
22 23 -0.00206176049953
22 27 0.033071271914
23 5 -0.00990550234614
23 6 -0.0406332252998
23 7 -0.0332168807325
23 8 -0.0336368756417
23 13 -0.0256808678393
23 15 -0.0238582388867
23 16 -0.0634386641771
23 18 -0.119081774639
23 21 -0.106058277944
23 22 -0.00206176049953
23 23 1.69704204385
23 24 0.0262484772726
23 25 0.0644556715913
23 32 0.275079526079
23 34 0.18564739894
23 35 0.00303580481771
24 6 0.00210742008281
24 8 0.00101996980594
24 15 0.0120133071249
24 18 0.0335245147625
24 21 0.0109210573215
24 23 0.0262484772726
24 24 1.71529206834
24 25 -0.256181383285
24 32 -0.118210520382
24 33 -0.025062138752
24 34 -0.0965125686345
25 5 0.0140213058562
25 6 0.00722784950838
25 8 0.00472656677569
25 13 0.0213056276425
25 15 0.0224639343917
25 16 0.0126785550016
25 23 0.0644556715913
25 24 -0.256181383285
25 25 1.45563527241
25 26 0.0357451693203
25 34 -0.150767597379
26 5 0.0117310149122
26 7 0.0222248419996
26 8 0.0161031476405
26 11 0.00440003892998
26 12 0.0140666572596
26 16 0.00576915400183
26 17 -0.105968493673
26 18 -0.038639668334
26 19 -0.00718540779595
26 20 -0.0826334374874
26 21 -0.124581958745
26 25 0.0357451693203
26 26 2.10988017124
26 28 -0.214501434174
26 31 0.0955509899982
27 15 0.038333910813
27 18 0.0283339883689
27 21 0.064427824733
27 22 0.033071271914
27 27 2.1903824863
27 29 -0.454651373532
27 30 0.0976360424176
27 31 0.0313323797884
27 32 -0.175325381455
27 33 0.0149384439138
28 17 -0.00140817068228
28 26 -0.214501434174
28 28 2.01075729303
28 29 0.384090092311
29 19 0.0381541486251
29 20 0.0315159204909
29 27 -0.454651373532
29 28 0.384090092311
29 29 2.82990482567
29 30 1.08649347259
29 31 0.0111703923637
29 33 0.297639076963
30 27 0.0976360424176
30 29 1.08649347259
30 30 2.79234384038
31 11 -0.0191682503544
31 26 0.0955509899982
31 27 0.0313323797884
31 29 0.0111703923637
31 31 2.18249120221
32 23 0.275079526079
32 24 -0.118210520382
32 27 -0.175325381455
32 32 3.0339416999
32 33 -0.822768104392
32 34 -0.0534788358558
32 35 -0.441512228221
33 24 -0.025062138752
33 27 0.0149384439138
33 29 0.297639076963
33 32 -0.822768104392
33 33 2.7030921047
33 34 -0.134795280599
33 35 -0.319643849132
34 23 0.18564739894
34 24 -0.0965125686345
34 25 -0.150767597379
34 32 -0.0534788358558
34 33 -0.134795280599
34 34 1.91442979595
34 35 -0.141701680845
35 19 -0.00844790524586
35 23 0.00303580481771
35 32 -0.441512228221
35 33 -0.319643849132
35 34 -0.141701680845
35 35 1.75772190604
