10000 10000 32126
1 1 0.769632129182
2 2 0.399292642361
3 3 0.342088385066
4 4 0.281923205012
5 5 0.282571160078
6 6 0.316403731581
7 7 0.257080567823
7 8 0.0271961710939
8 7 0.0271961710939
8 8 0.231809478999
8 9 0.0387678729246
8 10 -0.00546634665714
9 8 0.0387678729246
9 9 0.231799494503
9 10 0.0362667569085
10 8 -0.00546634665714
10 9 0.0362667569085
10 10 0.231175984507
10 11 0.0389608755038
10 12 -0.0134100829933
11 10 0.0389608755038
11 11 0.234787809388
11 12 0.0402600423558
11 13 -0.0188298123268
12 10 -0.0134100829933
12 11 0.0402600423558
12 12 0.22568873803
12 13 0.0454816639801
12 14 -0.0059412248113
13 11 -0.0188298123268
13 12 0.0454816639801
13 13 0.226561148265
13 14 0.0428172557449
14 12 -0.0059412248113
14 13 0.0428172557449
14 14 0.234568970244
14 15 0.0326576107832
14 16 -0.0162223028148
15 14 0.0326576107832
15 15 0.248527982699
15 16 0.0367550006306
15 17 -0.00346601700417
16 14 -0.0162223028148
16 15 0.0367550006306
16 16 0.223106693398
16 17 0.0447069133724
16 18 -0.00192024432678
17 15 -0.00346601700417
17 16 0.0447069133724
17 17 0.238437812867
17 18 0.0364040456738
18 16 -0.00192024432678
18 17 0.0364040456738
18 18 0.233077942325
18 19 0.0305216973266
18 20 -0.0031857586179
19 18 0.0305216973266
19 19 0.254616794059
19 20 0.0205864409002
20 18 -0.0031857586179
20 19 0.0205864409002
20 20 0.226761851741
20 21 0.0387363475689
21 20 0.0387363475689
21 21 0.241747241849
21 22 0.0225260800424
22 21 0.0225260800424
22 22 0.262481620227
23 23 0.309648923173
24 24 0.353590820366
25 25 0.329843972769
26 26 0.284040470246
26 27 0.00320334187401
27 26 0.00320334187401
27 27 0.250656439911
27 28 0.0130032035672
27 29 -0.00351746832469
28 27 0.0130032035672
28 28 0.272353775465
28 29 0.018429714936
29 27 -0.00351746832469
29 28 0.018429714936
29 29 0.237605118375
29 30 0.0174704485891
30 29 0.0174704485891
30 30 0.262360040252
30 31 0.0247057975065
31 30 0.0247057975065
31 31 0.236517802047
31 32 0.0371267139763
32 31 0.0371267139763
32 32 0.243704229042
32 33 0.0308714537042
33 32 0.0308714537042
33 33 0.248803807923
33 34 0.0194707928574
34 33 0.0194707928574
34 34 0.250131723658
34 35 0.0291559033167
35 34 0.0291559033167
35 35 0.245443288805
35 36 0.0148927096036
36 35 0.0148927096036
36 36 0.274187191506
37 37 0.26456283513
37 38 0.0254826714076
37 39 -0.00538516433116
37 40 0.000359469306578
38 37 0.0254826714076
38 38 0.237821525498
38 39 0.0395530912509
38 40 -0.0189722985913
39 37 -0.00538516433116
39 38 0.0395530912509
39 39 0.235982682436
39 40 0.0480573109503
39 41 -0.0231575441466
39 42 0.0125692953945
39 43 -0.0016773181922
40 37 0.000359469306578
40 38 -0.0189722985913
40 39 0.0480573109503
40 40 0.225882440077
40 41 0.0465218581721
40 42 -0.0199934879468
40 43 0.0150237830291
41 39 -0.0231575441466
41 40 0.0465218581721
41 41 0.226996911419
41 42 0.0481058687693
41 43 -0.0196561201461
41 44 0.000358227893146
42 39 0.0125692953945
42 40 -0.0199934879468
42 41 0.0481058687693
42 42 0.236486218077
42 43 0.0464215960853
42 44 -0.00842142382351
43 39 -0.0016773181922
43 40 0.0150237830291
43 41 -0.0196561201461
43 42 0.0464215960853
43 43 0.217060865327
43 44 0.0394253429815
44 41 0.000358227893146
44 42 -0.00842142382351
44 43 0.0394253429815
44 44 0.283825826558
45 45 0.312378889108
46 46 0.28136248286
47 47 0.263340138399
47 48 0.0149013914577
48 47 0.0149013914577
48 48 0.241483509725
48 49 0.0331895845757
48 50 -0.010808558576
49 48 0.0331895845757
49 49 0.240013658071
49 50 0.0299497232553
50 48 -0.010808558576
50 49 0.0299497232553
50 50 0.232450527757
50 51 0.0389611882514
50 52 -0.0120463773372
51 50 0.0389611882514
51 51 0.242866091805
51 52 0.040074526572
52 50 -0.0120463773372
52 51 0.040074526572
52 52 0.240052693683
52 53 0.0298503094186
52 54 -0.0166150334326
53 52 0.0298503094186
53 53 0.244082839442
53 54 0.0412319312483
53 55 -0.0104500530966
53 56 0.0101322356691
54 52 -0.0166150334326
54 53 0.0412319312483
54 54 0.230671950219
54 55 0.0380438625843
54 56 -0.0232935115147
55 53 -0.0104500530966
55 54 0.0380438625843
55 55 0.248140903662
55 56 0.0410737856951
55 57 -0.00226607468959
56 53 0.0101322356691
56 54 -0.0232935115147
56 55 0.0410737856951
56 56 0.225631662831
56 57 0.0430199220275
56 58 -0.00605208683651
57 55 -0.00226607468959
57 56 0.0430199220275
57 57 0.238091976927
57 58 0.02061267223
58 56 -0.00605208683651
58 57 0.02061267223
58 58 0.274725425283
59 59 0.283233783704
60 60 0.285085081073
61 61 0.271836382235
61 62 0.0144153964518
62 61 0.0144153964518
62 62 0.234350684973
62 63 0.0274689841401
63 62 0.0274689841401
63 63 0.244364451174
64 64 0.294060282604
65 65 0.319713568395
66 66 0.318996830313
67 67 0.264740530847
67 68 0.00261825162117
68 67 0.00261825162117
68 68 0.254296593165
68 69 0.0309122533386
68 70 -0.00915961247903
69 68 0.0309122533386
69 69 0.231448698514
69 70 0.0524253468225
69 71 -0.0115026593938
70 68 -0.00915961247903
70 69 0.0524253468225
70 70 0.218123238589
70 71 0.0511027642347
70 72 -0.0151904968983
70 73 0.0026825993
71 69 -0.0115026593938
71 70 0.0511027642347
71 71 0.227946051046
71 72 0.0413371558359
71 73 -0.0268322450246
72 70 -0.0151904968983
72 71 0.0413371558359
72 72 0.229848409776
72 73 0.052620632521
72 74 -0.00803559334035
73 70 0.0026825993
73 71 -0.0268322450246
73 72 0.052620632521
73 73 0.219150768598
73 74 0.0508567014251
73 75 -0.0177012237962
74 72 -0.00803559334035
74 73 0.0508567014251
74 74 0.234392365981
74 75 0.0488699041571
74 76 -0.0103821574715
75 73 -0.0177012237962
75 74 0.0488699041571
75 75 0.226908924055
75 76 0.0456729350993
76 74 -0.0103821574715
76 75 0.0456729350993
76 76 0.210079638949
76 77 0.0450143448667
76 78 -0.0112170456897
77 76 0.0450143448667
77 77 0.22483923584
77 78 0.039647621416
77 79 -0.00752197407423
78 76 -0.0112170456897
78 77 0.039647621416
78 78 0.230763986317
78 79 0.0264481042432
79 77 -0.00752197407423
79 78 0.0264481042432
79 79 0.267500665601
80 80 0.26106960069
81 81 0.274183192588
81 82 0.00530629314448
82 81 0.00530629314448
82 82 0.240922729394
82 83 0.0281150151529
83 82 0.0281150151529
83 83 0.244270077122
83 84 0.0270812098347
84 83 0.0270812098347
84 84 0.234201838479
84 85 0.0344496055731
84 86 -0.0061594238452
85 84 0.0344496055731
85 85 0.232082454606
85 86 0.0411272859268
85 87 -0.0188797018518
86 84 -0.0061594238452
86 85 0.0411272859268
86 86 0.238142610877
86 87 0.0402724696887
86 88 -0.0061928602281
87 85 -0.0188797018518
87 86 0.0402724696887
87 87 0.23224240837
87 88 0.0292808556251
87 89 -0.0108260258032
88 86 -0.0061928602281
88 87 0.0292808556251
88 88 0.258598999491
88 89 0.0168473157821
89 87 -0.0108260258032
89 88 0.0168473157821
89 89 0.249011497335
89 90 0.0136004359564
90 89 0.0136004359564
90 90 0.265005046331
91 91 0.28772380324
92 92 0.268208393689
93 93 0.2858226416
94 94 0.282724650734
95 95 0.26178380497
95 96 0.0141999166404
96 95 0.0141999166404
96 96 0.244867360329
96 97 0.0195290818814
97 96 0.0195290818814
97 97 0.246997175841
97 98 0.0210138923508
98 97 0.0210138923508
98 98 0.251579546446
98 99 0.0318963306566
99 98 0.0318963306566
99 99 0.241907929117
99 100 0.0249880717649
99 101 -0.00204115229065
100 99 0.0249880717649
100 100 0.241344639386
100 101 0.0424187209547
100 102 -0.00703899938281
101 99 -0.00204115229065
101 100 0.0424187209547
101 101 0.228131593405
101 102 0.0485237418056
101 103 -0.0125151881922
102 100 -0.00703899938281
102 101 0.0485237418056
102 102 0.230279252376
102 103 0.0453581814299
102 104 -0.0252705778248
103 101 -0.0125151881922
103 102 0.0453581814299
103 103 0.234089059577
103 104 0.0446250573017
103 105 -0.00247915841418
104 102 -0.0252705778248
104 103 0.0446250573017
104 104 0.229062391193
104 105 0.0471570214127
104 106 -0.00556841179696
105 103 -0.00247915841418
105 104 0.0471570214127
105 105 0.234019755898
105 106 0.0337973967629
105 107 -0.0127382921963
106 104 -0.00556841179696
106 105 0.0337973967629
106 106 0.241994931296
106 107 0.0380175340686
107 105 -0.0127382921963
107 106 0.0380175340686
107 107 0.231926195908
107 108 0.0228794256672
108 107 0.0228794256672
108 108 0.274820722285
109 109 0.273669254884
110 110 0.293103419697
111 111 0.343366449225
112 112 0.35804278789
113 113 0.280094490812
114 114 0.303746603065
115 115 0.278917433579
116 116 0.263608486734
116 117 0.00201217640845
117 116 0.00201217640845
117 117 0.288536331338
118 118 0.247787154518
118 119 0.00614760730223
119 118 0.00614760730223
119 119 0.270571978022
120 120 0.308753654737
121 121 0.284420563251
122 122 0.280276807031
122 123 0.00901906373141
123 122 0.00901906373141
123 123 0.24570994778
123 124 0.0100341853613
124 123 0.0100341853613
124 124 0.262042548693
124 125 0.00922572631553
125 124 0.00922572631553
125 125 0.254057371729
125 126 0.0242704437461
126 125 0.0242704437461
126 126 0.255872074616
126 127 0.031882671063
126 128 -0.00220308508147
127 126 0.031882671063
127 127 0.224689058456
127 128 0.049932556355
127 129 -0.0172038339553
128 126 -0.00220308508147
128 127 0.049932556355
128 128 0.222538243417
128 129 0.0509183298495
128 130 -0.00868489274248
129 127 -0.0172038339553
129 128 0.0509183298495
129 129 0.211056255747
129 130 0.0450438608281
129 131 -0.00649114111734
130 128 -0.00868489274248
130 129 0.0450438608281
130 130 0.233342573983
130 131 0.0340534453412
130 132 -0.00566903795016
131 129 -0.00649114111734
131 130 0.0340534453412
131 131 0.238637839672
131 132 0.0374093535218
132 130 -0.00566903795016
132 131 0.0374093535218
132 132 0.23178448011
132 133 0.0304063055894
133 132 0.0304063055894
133 133 0.236790003793
133 134 0.0331350225136
134 133 0.0331350225136
134 134 0.253256703288
134 135 0.01873066934
135 134 0.01873066934
135 135 0.252762003506
135 136 0.0225679746083
136 135 0.0225679746083
136 136 0.243851004443
136 137 0.0241671283122
137 136 0.0241671283122
137 137 0.236239788386
137 138 0.0339098020886
137 139 -0.0188660513114
138 137 0.0339098020886
138 138 0.239616039488
138 139 0.0465405558237
138 140 -0.0126530555744
139 137 -0.0188660513114
139 138 0.0465405558237
139 139 0.230097917079
139 140 0.0426675682849
139 141 -0.0231795288856
139 142 4.21241197141e-05
140 138 -0.0126530555744
140 139 0.0426675682849
140 140 0.238496674295
140 141 0.039910973618
140 142 -0.0144480718964
141 139 -0.0231795288856
141 140 0.039910973618
141 141 0.239727228936
141 142 0.0471210680972
141 143 -0.00186264329969
142 139 4.21241197141e-05
142 140 -0.0144480718964
142 141 0.0471210680972
142 142 0.215744855951
142 143 0.0515096968846
142 144 -0.0205151111745
142 145 0.0017378454687
143 141 -0.00186264329969
143 142 0.0515096968846
143 143 0.21912986525
143 144 0.0442083749521
143 145 -0.0165123863081
144 142 -0.0205151111745
144 143 0.0442083749521
144 144 0.227276209691
144 145 0.0536295431556
144 146 -0.018143699571
145 142 0.0017378454687
145 143 -0.0165123863081
145 144 0.0536295431556
145 145 0.22375695951
145 146 0.0496365219968
145 147 -0.0176605126459
146 144 -0.018143699571
146 145 0.0496365219968
146 146 0.229318185746
146 147 0.040554470657
147 145 -0.0176605126459
147 146 0.040554470657
147 147 0.231876154158
147 148 0.0289932976591
148 147 0.0289932976591
148 148 0.253813573047
148 149 0.0224387125899
149 148 0.0224387125899
149 149 0.257750316788
149 150 0.0110885793098
150 149 0.0110885793098
150 150 0.255061569593
150 151 0.0321799214588
150 152 -0.000689117996671
151 150 0.0321799214588
151 151 0.24144708064
151 152 0.0332855985643
151 153 -0.00668334227934
152 150 -0.000689117996671
152 151 0.0332855985643
152 152 0.225976075714
152 153 0.0373344608693
152 154 -0.00515468564423
153 151 -0.00668334227934
153 152 0.0373344608693
153 153 0.229010743845
153 154 0.045455179451
153 155 -0.0195289704887
153 156 0.00613336034517
154 152 -0.00515468564423
154 153 0.045455179451
154 154 0.230680197063
154 155 0.0463519356728
154 156 -0.022530884911
154 157 0.000330529710184
155 153 -0.0195289704887
155 154 0.0463519356728
155 155 0.223693355998
155 156 0.0473442693773
155 157 -0.0229971528017
156 153 0.00613336034517
156 154 -0.022530884911
156 155 0.0473442693773
156 156 0.215992586319
156 157 0.0543420747374
156 158 -0.00972925168521
157 154 0.000330529710184
157 155 -0.0229971528017
157 156 0.0543420747374
157 157 0.233188476117
157 158 0.0334041666254
158 156 -0.00972925168521
158 157 0.0334041666254
158 158 0.245926280374
158 159 0.00401339773948
159 158 0.00401339773948
159 159 0.28577592777
160 160 0.283423909669
160 161 0.00885968026085
161 160 0.00885968026085
161 161 0.246817536007
161 162 0.0377634492029
161 163 -0.00897888457753
162 161 0.0377634492029
162 162 0.227134018586
162 163 0.0456247549588
162 164 -0.0212786003875
162 165 0.000160943259421
163 161 -0.00897888457753
163 162 0.0456247549588
163 163 0.226662097843
163 164 0.046583689829
163 165 -0.0181597424814
164 162 -0.0212786003875
164 163 0.046583689829
164 164 0.224317422514
164 165 0.0532968933677
164 166 -0.0235199943392
165 162 0.000160943259421
165 163 -0.0181597424814
165 164 0.0532968933677
165 165 0.216091145604
165 166 0.0568428417213
165 167 -0.0138846104456
166 164 -0.0235199943392
166 165 0.0568428417213
166 166 0.228531189172
166 167 0.0349477994356
166 168 -0.00331839869052
167 165 -0.0138846104456
167 166 0.0349477994356
167 167 0.23821949469
167 168 0.0364081293116
168 166 -0.00331839869052
168 167 0.0364081293116
168 168 0.246742356283
168 169 0.00176826521191
169 168 0.00176826521191
169 169 0.299007437105
170 170 0.295569787265
171 171 0.321205059636
172 172 0.325708087453
173 173 0.28823500191
174 174 0.281942453422
174 175 0.00160293438281
175 174 0.00160293438281
175 175 0.263528642776
175 176 0.0273003250857
176 175 0.0273003250857
176 176 0.24351319201
176 177 0.0335475465232
177 176 0.0335475465232
177 177 0.240421894497
177 178 0.0378444311662
178 177 0.0378444311662
178 178 0.219598098057
178 179 0.0427202498969
178 180 -0.0131875066739
178 181 0.00027286479397
179 178 0.0427202498969
179 179 0.236748805088
179 180 0.0361033024037
179 181 -0.0116000431196
180 178 -0.0131875066739
180 179 0.0361033024037
180 180 0.237177807674
180 181 0.0471878746769
180 182 -0.0222658275494
180 183 0.00318354479817
181 178 0.00027286479397
181 179 -0.0116000431196
181 180 0.0471878746769
181 181 0.230251370699
181 182 0.0511344803657
181 183 -0.0224664846458
182 180 -0.0222658275494
182 181 0.0511344803657
182 182 0.220870525711
182 183 0.0505931165878
182 184 -0.0169264146875
182 185 0.0122234232467
183 180 0.00318354479817
183 181 -0.0224664846458
183 182 0.0505931165878
183 183 0.228306046508
183 184 0.0345175699461
183 185 -0.0130070397667
184 182 -0.0169264146875
184 183 0.0345175699461
184 184 0.226107803394
184 185 0.0564838246433
184 186 -0.012393018404
185 182 0.0122234232467
185 183 -0.0130070397667
185 184 0.0564838246433
185 185 0.213088797323
185 186 0.0456491247022
185 187 -0.0232381136508
186 184 -0.012393018404
186 185 0.0456491247022
186 186 0.225618586517
186 187 0.0585746977305
186 188 -0.0157920026734
187 185 -0.0232381136508
187 186 0.0585746977305
187 187 0.218450607952
187 188 0.0339895397471
187 189 -0.0128767498207
188 186 -0.0157920026734
188 187 0.0339895397471
188 188 0.248905011374
188 189 0.0394335760477
188 190 -0.0137820762399
189 187 -0.0128767498207
189 188 0.0394335760477
189 189 0.232622449446
189 190 0.049078124877
189 191 -0.0233887406791
190 188 -0.0137820762399
190 189 0.049078124877
190 190 0.231635113834
190 191 0.0452958001073
190 192 -0.0146050826462
191 189 -0.0233887406791
191 190 0.0452958001073
191 191 0.233891334019
191 192 0.0423604490659
191 193 -0.00621882882151
192 190 -0.0146050826462
192 191 0.0423604490659
192 192 0.242171059391
192 193 0.0288531091252
193 191 -0.00621882882151
193 192 0.0288531091252
193 193 0.251198539187
193 194 0.00693870422846
194 193 0.00693870422846
194 194 0.283939516912
194 195 0.0196626617959
195 194 0.0196626617959
195 195 0.224498512861
195 196 0.0290962972729
196 195 0.0290962972729
196 196 0.250208228463
197 197 0.282932369653
198 198 0.29115081694
199 199 0.309238206371
200 200 0.248298907107
200 201 0.00632430812693
201 200 0.00632430812693
201 201 0.263875531884
202 202 0.305632801803
203 203 0.313412095584
204 204 0.305912069205
205 205 0.28885753072
205 206 0.00340562219118
206 205 0.00340562219118
206 206 0.251050259029
206 207 0.0146474917963
207 206 0.0146474917963
207 207 0.254447939764
207 208 0.0161441672207
208 207 0.0161441672207
208 208 0.261789240406
208 209 0.0179104219484
209 208 0.0179104219484
209 209 0.227723740509
209 210 0.0359595995647
209 211 -0.00980793591707
210 209 0.0359595995647
210 210 0.246915682947
210 211 0.039783499568
211 209 -0.00980793591707
211 210 0.039783499568
211 211 0.221126940911
211 212 0.054921701583
211 213 -0.0144885248005
212 211 0.054921701583
212 212 0.216593526723
212 213 0.0447929615141
212 214 -0.0100767907134
213 211 -0.0144885248005
213 212 0.0447929615141
213 213 0.233586416888
213 214 0.0329551195241
214 212 -0.0100767907134
214 213 0.0329551195241
214 214 0.236668293118
214 215 0.0289004115733
215 214 0.0289004115733
215 215 0.271420401828
216 216 0.27999106965
216 217 0.0178245295912
216 218 -0.00468019338733
217 216 0.0178245295912
217 217 0.239620360247
217 218 0.0434141801168
217 219 -0.0044369669785
218 216 -0.00468019338733
218 217 0.0434141801168
218 218 0.209955423153
218 219 0.053918842515
218 220 -0.0185106938809
218 221 0.00332640615599
219 217 -0.0044369669785
219 218 0.053918842515
219 219 0.228721230305
219 220 0.0377250039398
219 221 -0.011021213799
220 218 -0.0185106938809
220 219 0.0377250039398
220 220 0.235589868002
220 221 0.0444079217685
220 222 -0.0150817100439
221 218 0.00332640615599
221 219 -0.011021213799
221 220 0.0444079217685
221 221 0.22761422251
221 222 0.0498338408074
221 223 -0.0242627952673
222 220 -0.0150817100439
222 221 0.0498338408074
222 222 0.242747990304
222 223 0.0459465191827
222 224 -0.01992197191
222 225 0.000323845402184
223 221 -0.0242627952673
223 222 0.0459465191827
223 223 0.22383288967
223 224 0.0430580025663
223 225 -0.0282178200635
223 226 0.0149290708714
224 222 -0.01992197191
224 223 0.0430580025663
224 224 0.239468624881
224 225 0.0415869983808
224 226 -0.0172383598738
225 222 0.000323845402184
225 223 -0.0282178200635
225 224 0.0415869983808
225 225 0.238720172389
225 226 0.0430538940608
225 227 -0.0119577060344
226 223 0.0149290708714
226 224 -0.0172383598738
226 225 0.0430538940608
226 226 0.231800158872
226 227 0.0392306833501
226 228 -0.0181010406379
227 225 -0.0119577060344
227 226 0.0392306833501
227 227 0.239190188021
227 228 0.048257475278
228 226 -0.0181010406379
228 227 0.048257475278
228 228 0.222099902358
228 229 0.0404380160558
228 230 -0.00592445462829
229 228 0.0404380160558
229 229 0.257331716678
229 230 0.0233906089635
230 228 -0.00592445462829
230 229 0.0233906089635
230 230 0.242371866973
230 231 0.0269314782504
231 230 0.0269314782504
231 231 0.238383384628
231 232 0.0211512374133
232 231 0.0211512374133
232 232 0.269478600997
232 233 0.00786127880818
233 232 0.00786127880818
233 233 0.256457184119
234 234 0.291966187262
235 235 0.29469163562
236 236 0.290106866264
237 237 0.265461787363
238 238 0.303340029713
239 239 0.270791882022
239 240 0.0170794302143
240 239 0.0170794302143
240 240 0.237987878124
240 241 0.0400139604323
241 240 0.0400139604323
241 241 0.236038632614
241 242 0.0244140576303
242 241 0.0244140576303
242 242 0.269707566031
243 243 0.305954115551
244 244 0.280631729292
245 245 0.260283657052
245 246 0.0207789704709
246 245 0.0207789704709
246 246 0.240143046581
246 247 0.023624084375
247 246 0.023624084375
247 247 0.26348439352
247 248 0.00556684180803
248 247 0.00556684180803
248 248 0.273343051016
249 249 0.276525219832
249 250 0.0170880820628
250 249 0.0170880820628
250 250 0.243700810007
250 251 0.0339017045376
251 250 0.0339017045376
251 251 0.23505652743
251 252 0.0359468948324
251 253 -0.0042659066145
252 251 0.0359468948324
252 252 0.236756325407
252 253 0.0306625997075
253 251 -0.0042659066145
253 252 0.0306625997075
253 253 0.236496492327
253 254 0.0302419278372
254 253 0.0302419278372
254 254 0.254213372167
254 255 0.0200406299906
255 254 0.0200406299906
255 255 0.265524822059
256 256 0.286331125873
257 257 0.253702531018
257 258 0.00401638846235
258 257 0.00401638846235
258 258 0.256896518985
258 259 0.00598189057538
259 258 0.00598189057538
259 259 0.279724146677
260 260 0.271826485515
260 261 0.0176742025536
261 260 0.0176742025536
261 261 0.243498535718
261 262 0.0238565107584
261 263 -0.000506874420293
262 261 0.0238565107584
262 262 0.242791455644
262 263 0.0301693627466
263 261 -0.000506874420293
263 262 0.0301693627466
263 263 0.240931336312
263 264 0.0198258828576
264 263 0.0198258828576
264 264 0.262141926254
264 265 0.0046975124022
265 264 0.0046975124022
265 265 0.277409141295
266 266 0.274105712277
266 267 0.016217694735
267 266 0.016217694735
267 267 0.248023410397
267 268 0.0377910200561
267 269 -0.016419706006
268 267 0.0377910200561
268 268 0.239729113313
268 269 0.0435610421666
269 267 -0.016419706006
269 268 0.0435610421666
269 269 0.233163491799
269 270 0.020188534953
270 269 0.020188534953
270 270 0.286190633089
271 271 0.303991078393
272 272 0.259455872523
272 273 0.0177352101095
273 272 0.0177352101095
273 273 0.244670365725
273 274 0.0216871467824
274 273 0.0216871467824
274 274 0.253398557059
274 275 0.0305757898012
275 274 0.0305757898012
275 275 0.237775932818
275 276 0.0441447689998
275 277 -0.00489743176838
276 275 0.0441447689998
276 276 0.22197638383
276 277 0.0288052125201
277 275 -0.00489743176838
277 276 0.0288052125201
277 277 0.263795505514
278 278 0.312631041501
279 279 0.292995800131
280 280 0.341080994255
281 281 0.309755639846
282 282 0.268133033636
283 283 0.273326081561
284 284 0.287424550348
285 285 0.278177519483
286 286 0.277227000085
287 287 0.342515053833
288 288 0.266568830209
289 289 0.299631853676
289 290 0.00763611313456
290 289 0.00763611313456
290 290 0.220719220953
290 291 0.024197232671
291 290 0.024197232671
291 291 0.264199291375
291 292 0.0108078459122
292 291 0.0108078459122
292 292 0.254034276402
292 293 0.0160341419705
293 292 0.0160341419705
293 293 0.270152218851
294 294 0.282118191995
295 295 0.287579426943
296 296 0.31335023639
297 297 0.256421492709
297 298 0.0301740241107
297 299 -0.00128792861169
298 297 0.0301740241107
298 298 0.229487834794
298 299 0.0450537226916
298 300 -0.00979841190779
299 297 -0.00128792861169
299 298 0.0450537226916
299 299 0.231743046486
299 300 0.0407302045249
299 301 -0.00649014219096
300 298 -0.00979841190779
300 299 0.0407302045249
300 300 0.233598664886
300 301 0.0356666766619
300 302 -0.0152681304577
301 299 -0.00649014219096
301 300 0.0356666766619
301 301 0.237288485927
301 302 0.0415331997674
301 303 -0.0102572700229
301 304 0.00227989603007
302 300 -0.0152681304577
302 301 0.0415331997674
302 302 0.226040000766
302 303 0.0419589228687
302 304 -0.0174377170051
302 305 0.000290781326482
303 301 -0.0102572700229
303 302 0.0419589228687
303 303 0.232250195403
303 304 0.0517243149475
303 305 -0.0249955360121
304 301 0.00227989603007
304 302 -0.0174377170051
304 303 0.0517243149475
304 304 0.216470646683
304 305 0.0536944577044
304 306 -0.0216313077887
305 302 0.000290781326482
305 303 -0.0249955360121
305 304 0.0536944577044
305 305 0.219653960335
305 306 0.0594215456673
305 307 -0.000206443492689
306 304 -0.0216313077887
306 305 0.0594215456673
306 306 0.225715317928
306 307 0.0397886201581
307 305 -0.000206443492689
307 306 0.0397886201581
307 307 0.258802450266
308 308 0.290177848207
309 309 0.283605733313
310 310 0.313404281005
311 311 0.298653903171
312 312 0.276618353269
313 313 0.309146176491
314 314 0.293715088687
315 315 0.277383820903
316 316 0.315789502016
317 317 0.29139671534
318 318 0.292869878911
319 319 0.291925311163
320 320 0.276615370718
320 321 0.0140681366465
321 320 0.0140681366465
321 321 0.258631921941
321 322 0.00640428455614
322 321 0.00640428455614
322 322 0.268199801212
323 323 0.320267787376
324 324 0.331385518793
325 325 0.293107251767
326 326 0.296914357416
327 327 0.248823103844
327 328 0.000889477912808
328 327 0.000889477912808
328 328 0.272509060291
328 329 0.016169380782
329 328 0.016169380782
329 329 0.240004087368
329 330 0.0251877719171
330 329 0.0251877719171
330 330 0.246326611515
330 331 0.0253190841672
331 330 0.0253190841672
331 331 0.243288858653
331 332 0.0340340474591
331 333 -0.00478779875156
332 331 0.0340340474591
332 332 0.247264602497
332 333 0.0194502637798
333 331 -0.00478779875156
333 332 0.0194502637798
333 333 0.266419446668
333 334 0.0159533563248
334 333 0.0159533563248
334 334 0.235739257422
334 335 0.0261578017777
335 334 0.0261578017777
335 335 0.244275770262
335 336 0.0294787850368
336 335 0.0294787850368
336 336 0.227176532134
336 337 0.020262150846
337 336 0.020262150846
337 337 0.27386883818
338 338 0.280298087701
339 339 0.281904506795
339 340 0.0141071114886
340 339 0.0141071114886
340 340 0.247941439591
340 341 0.0269048447653
341 340 0.0269048447653
341 341 0.251127079361
341 342 0.0317896130997
341 343 -0.0204848558203
342 341 0.0317896130997
342 342 0.238739138587
342 343 0.053111522473
342 344 -0.00604099844145
343 341 -0.0204848558203
343 342 0.053111522473
343 343 0.219842749718
343 344 0.034954322211
344 342 -0.00604099844145
344 343 0.034954322211
344 344 0.252013097466
344 345 0.0120851139082
345 344 0.0120851139082
345 345 0.251956387099
345 346 0.0344359357859
346 345 0.0344359357859
346 346 0.226618267894
346 347 0.0452051229048
346 348 -0.0115619061879
347 346 0.0452051229048
347 347 0.232610033924
347 348 0.0323476084462
348 346 -0.0115619061879
348 347 0.0323476084462
348 348 0.242089032013
348 349 0.0253915370526
348 350 -0.00218539682855
349 348 0.0253915370526
349 349 0.25224416203
349 350 0.0291093833008
350 348 -0.00218539682855
350 349 0.0291093833008
350 350 0.256973305728
350 351 0.0220458263428
351 350 0.0220458263428
351 351 0.24825653497
351 352 0.0261257018877
352 351 0.0261257018877
352 352 0.242104054238
352 353 0.000261668230959
353 352 0.000261668230959
353 353 0.291578915545
353 354 0.00183933166564
354 353 0.00183933166564
354 354 0.242796512413
354 355 0.0214520115777
355 354 0.0214520115777
355 355 0.245765338532
355 356 0.00518178793325
356 355 0.00518178793325
356 356 0.276668267607
356 357 0.00686561735247
357 356 0.00686561735247
357 357 0.260352913692
357 358 0.0123900431645
358 357 0.0123900431645
358 358 0.244552195546
358 359 0.0102184765321
359 358 0.0102184765321
359 359 0.272571453268
360 360 0.288970378809
361 361 0.281735238206
361 362 0.00774192032045
362 361 0.00774192032045
362 362 0.246946612951
362 363 0.021271350108
362 364 -0.00846160617949
363 362 0.021271350108
363 363 0.263463809504
363 364 0.0201030236926
364 362 -0.00846160617949
364 363 0.0201030236926
364 364 0.236634911958
364 365 0.0441705240211
364 366 -0.00744912367917
365 364 0.0441705240211
365 365 0.215257030864
365 366 0.0530510365274
365 367 -0.00649137716218
366 364 -0.00744912367917
366 365 0.0530510365274
366 366 0.218082511295
366 367 0.0478336025425
367 365 -0.00649137716218
367 366 0.0478336025425
367 367 0.241596864494
367 368 0.0224988841704
368 367 0.0224988841704
368 368 0.259396841617
368 369 0.00224297132597
369 368 0.00224297132597
369 369 0.269854605879
369 370 0.0136861322588
370 369 0.0136861322588
370 370 0.238048089306
370 371 0.024858464049
371 370 0.024858464049
371 371 0.266800727846
372 372 0.279087931966
373 373 0.304502383037
374 374 0.304879240046
375 375 0.291268385864
376 376 0.284496743739
377 377 0.337896051425
378 378 0.288952218889
379 379 0.275712531776
380 380 0.263054610247
380 381 0.0277945981154
381 380 0.0277945981154
381 381 0.225235136154
381 382 0.0308103653138
382 381 0.0308103653138
382 382 0.247359229181
382 383 0.0167593467314
383 382 0.0167593467314
383 383 0.273595814183
383 384 0.0206723793029
384 383 0.0206723793029
384 384 0.235435149197
384 385 0.0390492609488
384 386 -0.00406031482373
385 384 0.0390492609488
385 385 0.225056802623
385 386 0.0454242086324
385 387 -0.00738758146145
386 384 -0.00406031482373
386 385 0.0454242086324
386 386 0.219004941535
386 387 0.0395641456313
386 388 -0.0137163668154
387 385 -0.00738758146145
387 386 0.0395641456313
387 387 0.23091880409
387 388 0.0393525128344
387 389 -0.00616409546503
388 386 -0.0137163668154
388 387 0.0393525128344
388 388 0.24594082167
388 389 0.0378470276075
389 387 -0.00616409546503
389 388 0.0378470276075
389 389 0.231813197108
389 390 0.0394656122356
390 389 0.0394656122356
390 390 0.235922359443
390 391 0.0290355883111
391 390 0.0290355883111
391 391 0.255327475202
391 392 0.0128139568949
392 391 0.0128139568949
392 392 0.264834947273
392 393 0.00174530315368
393 392 0.00174530315368
393 393 0.289501277982
394 394 0.283415102861
394 395 0.00899620996672
395 394 0.00899620996672
395 395 0.243071892986
395 396 0.0360053600887
395 397 -0.00462211653212
396 395 0.0360053600887
396 396 0.236229127878
396 397 0.034409457341
396 398 -0.00416986013121
397 395 -0.00462211653212
397 396 0.034409457341
397 397 0.241858260313
397 398 0.0389816213279
398 396 -0.00416986013121
398 397 0.0389816213279
398 398 0.2311043633
398 399 0.0252445291176
398 400 -0.00270436745259
399 398 0.0252445291176
399 399 0.270674411124
399 400 0.0196170106079
400 398 -0.00270436745259
400 399 0.0196170106079
400 400 0.250680099079
400 401 0.027980144203
401 400 0.027980144203
401 401 0.246772908604
401 402 0.0140290451842
402 401 0.0140290451842
402 402 0.256188641252
402 403 0.00665841263686
403 402 0.00665841263686
403 403 0.261847105555
403 404 0.00849476245258
404 403 0.00849476245258
404 404 0.264220927508
405 405 0.272955672478
405 406 0.00210575181374
406 405 0.00210575181374
406 406 0.270788623933
406 407 0.00238152410088
407 406 0.00238152410088
407 407 0.2510521439
407 408 0.0221577604695
408 407 0.0221577604695
408 408 0.241465256855
408 409 0.0269241906628
409 408 0.0269241906628
409 409 0.2510069842
409 410 0.00411939356382
410 409 0.00411939356382
410 410 0.291147352785
411 411 0.287407214764
411 412 0.001607820539
412 411 0.001607820539
412 412 0.254038758673
412 413 0.0166779049356
413 412 0.0166779049356
413 413 0.258964427938
414 414 0.278940457066
415 415 0.257474271472
415 416 0.013626922716
416 415 0.013626922716
416 416 0.250054248785
416 417 0.0167144524987
417 416 0.0167144524987
417 417 0.259226121933
417 418 0.00478630984341
418 417 0.00478630984341
418 418 0.265844538458
419 419 0.241852862411
419 420 0.0270689733618
420 419 0.0270689733618
420 420 0.253985048062
420 421 0.0188303745896
421 420 0.0188303745896
421 421 0.241996772862
421 422 0.0127203587188
422 421 0.0127203587188
422 422 0.269563704361
423 423 0.294679163832
424 424 0.300873588754
425 425 0.270229350668
426 426 0.274967441183
427 427 0.272325297832
428 428 0.260401217065
428 429 0.00820935032276
429 428 0.00820935032276
429 429 0.250568617084
429 430 0.00566072547053
430 429 0.00566072547053
430 430 0.264358266081
430 431 0.00837267234952
431 430 0.00837267234952
431 431 0.259083573438
432 432 0.292238027715
433 433 0.267170306802
433 434 0.00587533101068
434 433 0.00587533101068
434 434 0.267554155559
434 435 0.013191335078
435 434 0.013191335078
435 435 0.265296927464
435 436 0.0090639219185
436 435 0.0090639219185
436 436 0.251275774931
436 437 0.025098621971
437 436 0.025098621971
437 437 0.235638162277
437 438 0.0229781889605
438 437 0.0229781889605
438 438 0.26322182417
438 439 0.012017213395
439 438 0.012017213395
439 439 0.247027350611
439 440 0.0192751874026
440 439 0.0192751874026
440 440 0.25211961516
440 441 0.0177235953299
441 440 0.0177235953299
441 441 0.260371553138
441 442 0.000787259745133
442 441 0.000787259745133
442 442 0.261558428084
443 443 0.294278702451
444 444 0.292618613874
445 445 0.279252625107
445 446 0.0166102989221
446 445 0.0166102989221
446 446 0.236003864116
446 447 0.0353179452914
446 448 -0.00463505093784
447 446 0.0353179452914
447 447 0.241750008084
447 448 0.0417770094983
448 446 -0.00463505093784
448 447 0.0417770094983
448 448 0.228106156448
448 449 0.0403641897815
449 448 0.0403641897815
449 449 0.24434070506
449 450 0.00460555042625
450 449 0.00460555042625
450 450 0.28287834933
451 451 0.317122811891
452 452 0.333216368748
453 453 0.327900071146
454 454 0.294753247523
455 455 0.274009169049
456 456 0.263841147688
456 457 0.0113255894055
457 456 0.0113255894055
457 457 0.243226351626
457 458 0.0278534505151
457 459 -0.00173673015151
458 457 0.0278534505151
458 458 0.248370487139
458 459 0.0243313179804
459 457 -0.00173673015151
459 458 0.0243313179804
459 459 0.235019021902
459 460 0.0231580179718
460 459 0.0231580179718
460 460 0.24586575246
460 461 0.035605577505
461 460 0.035605577505
461 461 0.231521661622
461 462 0.0332465995363
461 463 -0.00126281942245
462 461 0.0332465995363
462 462 0.2356720171
462 463 0.0336116248642
463 461 -0.00126281942245
463 462 0.0336116248642
463 463 0.235757823578
463 464 0.0360518709286
463 465 -0.00593556056942
464 463 0.0360518709286
464 464 0.241821222311
464 465 0.0380793713717
465 463 -0.00593556056942
465 464 0.0380793713717
465 465 0.241454234175
465 466 0.0231571725286
466 465 0.0231571725286
466 466 0.254285432459
466 467 0.0294565695017
467 466 0.0294565695017
467 467 0.233603961931
467 468 0.0169355015797
468 467 0.0169355015797
468 468 0.256003475152
468 469 0.00896951592172
469 468 0.00896951592172
469 469 0.265732628109
470 470 0.274734926087
471 471 0.317180302469
472 472 0.312242101484
473 473 0.294286112606
474 474 0.295114280378
475 475 0.281203051263
476 476 0.299018700634
477 477 0.259511842412
477 478 0.0314956795446
477 479 -0.00706824069158
478 477 0.0314956795446
478 478 0.232031574043
478 479 0.0354609162146
479 477 -0.00706824069158
479 478 0.0354609162146
479 479 0.236667096203
479 480 0.0249670902329
480 479 0.0249670902329
480 480 0.256033390835
480 481 0.00346455401078
481 480 0.00346455401078
481 481 0.270902389471
482 482 0.277173802487
483 483 0.325417405269
484 484 0.372857107257
485 485 0.415051464726
486 486 0.396666858915
487 487 0.296678347168
488 488 0.317682875495
489 489 0.241892172396
489 490 0.0103842175899
490 489 0.0103842175899
490 490 0.267184339472
491 491 0.285772046098
491 492 0.00222083541412
492 491 0.00222083541412
492 492 0.253870179065
492 493 0.0211365680357
492 494 -0.0117291320531
493 492 0.0211365680357
493 493 0.263100627899
493 494 0.0282444105535
494 492 -0.0117291320531
494 493 0.0282444105535
494 494 0.23189968159
494 495 0.0326922500995
494 496 -0.00721982194537
495 494 0.0326922500995
495 495 0.250050493835
495 496 0.0353725594581
496 494 -0.00721982194537
496 495 0.0353725594581
496 496 0.236659143544
496 497 0.033845020069
496 498 -0.00271317629098
497 496 0.033845020069
497 497 0.249861017227
497 498 0.0334172575064
498 496 -0.00271317629098
498 497 0.0334172575064
498 498 0.237739569255
498 499 0.0364142488853
498 500 -0.000174651814619
499 498 0.0364142488853
499 499 0.248579849716
499 500 0.030925091545
499 501 -0.00783518751545
500 498 -0.000174651814619
500 499 0.030925091545
500 500 0.237565143095
500 501 0.0354793204339
501 499 -0.00783518751545
501 500 0.0354793204339
501 501 0.234777992766
501 502 0.0275847657633
502 501 0.0275847657633
502 502 0.269311770703
502 503 0.00476238556444
503 502 0.00476238556444
503 503 0.25647051924
503 504 0.0129330179882
504 503 0.0129330179882
504 504 0.24716346668
504 505 0.00971566473383
505 504 0.00971566473383
505 505 0.263460961181
505 506 0.0226917267051
506 505 0.0226917267051
506 506 0.236673169021
506 507 0.023227367154
507 506 0.023227367154
507 507 0.267318819616
508 508 0.293040169958
509 509 0.267558816358
509 510 0.0264751271351
510 509 0.0264751271351
510 510 0.235402465987
510 511 0.0329789353519
510 512 -0.0126014005203
511 510 0.0329789353519
511 511 0.254451967104
511 512 0.0225150674689
512 510 -0.0126014005203
512 511 0.0225150674689
512 512 0.237252119399
512 513 0.0144089573629
513 512 0.0144089573629
513 513 0.279379375312
514 514 0.312367768027
515 515 0.275594299398
515 516 0.00380964665083
516 515 0.00380964665083
516 516 0.25831238491
516 517 0.0230429914611
517 516 0.0230429914611
517 517 0.228937551439
517 518 0.0272698482142
517 519 -0.00617990997127
518 517 0.0272698482142
518 518 0.267363667085
518 519 0.0171086081233
519 517 -0.00617990997127
519 518 0.0171086081233
519 519 0.236261781312
519 520 0.0231183288304
520 519 0.0231183288304
520 520 0.252829031545
520 521 0.022424819883
521 520 0.022424819883
521 521 0.262593787293
521 522 0.00287551350125
522 521 0.00287551350125
522 522 0.253717777511
522 523 0.0240839964653
523 522 0.0240839964653
523 523 0.242934686175
523 524 0.0269318126782
524 523 0.0269318126782
524 524 0.237735813809
524 525 0.0405369216207
524 526 -0.00873680489956
525 524 0.0405369216207
525 525 0.241335270163
525 526 0.0443474727549
525 527 -0.00614673438419
526 524 -0.00873680489956
526 525 0.0443474727549
526 526 0.227268960252
526 527 0.0385740805456
527 525 -0.00614673438419
527 526 0.0385740805456
527 527 0.222835756168
527 528 0.0397139162585
528 527 0.0397139162585
528 528 0.225964902662
528 529 0.0460378343132
529 528 0.0460378343132
529 529 0.228033138131
529 530 0.0222443488035
530 529 0.0222443488035
530 530 0.259187700192
530 531 0.0201598608067
531 530 0.0201598608067
531 531 0.24391674258
531 532 0.0293838453998
531 533 -0.00866935152759
532 531 0.0293838453998
532 532 0.253871170708
532 533 0.0328212596471
532 534 -0.0131139857818
533 531 -0.00866935152759
533 532 0.0328212596471
533 533 0.234866875511
533 534 0.0449704406647
534 532 -0.0131139857818
534 533 0.0449704406647
534 534 0.217454810552
534 535 0.0283115832423
535 534 0.0283115832423
535 535 0.262440215149
535 536 0.0196081696396
536 535 0.0196081696396
536 536 0.247694092421
536 537 0.0223564845829
537 536 0.0223564845829
537 537 0.243813741528
537 538 0.0176062963311
538 537 0.0176062963311
538 538 0.24725304245
539 539 0.284574156082
540 540 0.280521275476
541 541 0.274461333171
541 542 0.021821872958
542 541 0.021821872958
542 542 0.235316789467
542 543 0.0230960569243
543 542 0.0230960569243
543 543 0.256300020938
543 544 0.00274875997385
544 543 0.00274875997385
544 544 0.26132245139
544 545 0.0200538325236
545 544 0.0200538325236
545 545 0.238974836611
545 546 0.0274507549165
546 545 0.0274507549165
546 546 0.25610775474
546 547 0.0118268753678
547 546 0.0118268753678
547 547 0.26057880446
547 548 0.0121073437851
548 547 0.0121073437851
548 548 0.261693244585
549 549 0.25967231992
549 550 0.00548672904475
550 549 0.00548672904475
550 550 0.27289879718
550 551 0.0209448092673
551 550 0.0209448092673
551 551 0.238529107284
551 552 0.0361799149918
552 551 0.0361799149918
552 552 0.237773974107
552 553 0.0234308212059
553 552 0.0234308212059
553 553 0.249663814729
554 554 0.293316829539
555 555 0.291745721828
556 556 0.258055446152
556 557 0.0139648025368
557 556 0.0139648025368
557 557 0.235849975836
557 558 0.0388286206666
558 557 0.0388286206666
558 558 0.231581342363
558 559 0.0230313076023
559 558 0.0230313076023
559 559 0.277807136134
560 560 0.300552722436
561 561 0.26283899817
562 562 0.284830983823
563 563 0.283747494314
564 564 0.284770014496
565 565 0.270320904763
565 566 0.00752636027008
566 565 0.00752636027008
566 566 0.264915403108
566 567 0.0232873387992
567 566 0.0232873387992
567 567 0.2344139639
567 568 0.0406053952562
567 569 -0.00871646875537
567 570 0.002631271767
568 567 0.0406053952562
568 568 0.23344019903
568 569 0.0379027353005
568 570 -0.0271665227932
568 571 0.00439401431987
569 567 -0.00871646875537
569 568 0.0379027353005
569 569 0.231409488608
569 570 0.0506712809054
569 571 -0.0127072496853
570 567 0.002631271767
570 568 -0.0271665227932
570 569 0.0506712809054
570 570 0.226670170723
570 571 0.048278768066
570 572 -0.0168702481795
570 573 0.00420358416018
571 568 0.00439401431987
571 569 -0.0127072496853
571 570 0.048278768066
571 571 0.228980525201
571 572 0.0399263840508
571 573 -0.0240181741033
572 570 -0.0168702481795
572 571 0.0399263840508
